1353
9.998395e-01 -8.241585e-03 1.591008e-02 3.602497e+00 8.620181e-03 9.996778e-01 -2.387596e-02 -3.195277e-01 -1.570817e-02 2.400927e-02 9.995883e-01 7.634039e-01
9.998357e-01 -1.001115e-02 1.511085e-02 4.167393e+00 1.037995e-02 9.996452e-01 -2.452817e-02 -3.152729e-01 -1.485993e-02 2.468099e-02 9.995849e-01 7.669199e-01
9.998032e-01 -1.143810e-02 1.620710e-02 4.751005e+00 1.183255e-02 9.996309e-01 -2.445516e-02 -3.068761e-01 -1.592140e-02 2.464212e-02 9.995695e-01 7.677779e-01
9.997996e-01 -1.269843e-02 1.547918e-02 5.334728e+00 1.307848e-02 9.996093e-01 -2.470333e-02 -2.939665e-01 -1.515944e-02 2.490082e-02 9.995750e-01 7.492583e-01
9.998104e-01 -1.391689e-02 1.362272e-02 5.925079e+00 1.424479e-02 9.996038e-01 -2.427613e-02 -2.785759e-01 -1.327948e-02 2.446558e-02 9.996125e-01 7.463747e-01
9.998289e-01 -1.535312e-02 1.032192e-02 6.526943e+00 1.557859e-02 9.996337e-01 -2.213065e-02 -2.668785e-01 -9.978369e-03 2.228766e-02 9.997018e-01 7.566161e-01
9.998341e-01 -1.675437e-02 7.149415e-03 7.137282e+00 1.690109e-02 9.996370e-01 -2.098034e-02 -2.491300e-01 -6.795308e-03 2.109770e-02 9.997543e-01 7.513297e-01
9.998111e-01 -1.817079e-02 6.894908e-03 7.763864e+00 1.830498e-02 9.996339e-01 -1.992660e-02 -2.307300e-01 -6.530302e-03 2.004904e-02 9.997777e-01 7.558863e-01
9.997315e-01 -1.941180e-02 1.265625e-02 8.412484e+00 1.963724e-02 9.996462e-01 -1.793822e-02 -2.085730e-01 -1.230356e-02 1.818193e-02 9.997590e-01 7.478988e-01
9.995447e-01 -2.033602e-02 2.228785e-02 9.077917e+00 2.071691e-02 9.996409e-01 -1.699392e-02 -1.903709e-01 -2.193426e-02 1.744791e-02 9.996072e-01 7.449099e-01
9.993725e-01 -2.125934e-02 2.832936e-02 9.752553e+00 2.171177e-02 9.996401e-01 -1.575950e-02 -1.676107e-01 -2.798413e-02 1.636469e-02 9.994744e-01 7.463517e-01
9.993307e-01 -2.262221e-02 2.874562e-02 1.043485e+01 2.302895e-02 9.996382e-01 -1.389822e-02 -1.406245e-01 -2.842081e-02 1.455090e-02 9.994901e-01 7.362782e-01
9.994763e-01 -2.384908e-02 2.187055e-02 1.112399e+01 2.411648e-02 9.996366e-01 -1.204544e-02 -1.145609e-01 -2.157533e-02 1.256657e-02 9.996882e-01 7.062147e-01
9.995590e-01 -2.495429e-02 1.609422e-02 1.183396e+01 2.516075e-02 9.996020e-01 -1.275570e-02 -8.944645e-02 -1.576950e-02 1.315502e-02 9.997891e-01 6.945069e-01
9.994943e-01 -2.635329e-02 1.779490e-02 1.256848e+01 2.661095e-02 9.995421e-01 -1.440090e-02 -7.939636e-02 -1.740724e-02 1.486716e-02 9.997379e-01 6.878892e-01
9.992667e-01 -2.719232e-02 2.695458e-02 1.333110e+01 2.758579e-02 9.995167e-01 -1.433479e-02 -5.506140e-02 -2.655176e-02 1.506784e-02 9.995339e-01 6.677872e-01
9.990478e-01 -2.764942e-02 3.374790e-02 1.410937e+01 2.814373e-02 9.995022e-01 -1.426094e-02 -2.806026e-02 -3.333679e-02 1.519715e-02 9.993286e-01 6.525970e-01
9.989351e-01 -2.823914e-02 3.648661e-02 1.490202e+01 2.880951e-02 9.994693e-01 -1.520199e-02 -4.656580e-03 -3.603795e-02 1.623697e-02 9.992185e-01 6.364101e-01
9.989550e-01 -2.894000e-02 3.537411e-02 1.570954e+01 2.957896e-02 9.994062e-01 -1.767485e-02 1.533474e-02 -3.484159e-02 1.870271e-02 9.992178e-01 5.918771e-01
9.990407e-01 -2.865962e-02 3.310968e-02 1.653517e+01 2.927953e-02 9.994020e-01 -1.839214e-02 4.348315e-02 -3.256277e-02 1.934393e-02 9.992825e-01 5.740453e-01
9.991484e-01 -2.862162e-02 2.972023e-02 1.737303e+01 2.911764e-02 9.994416e-01 -1.639323e-02 7.240493e-02 -2.923443e-02 1.724465e-02 9.994238e-01 5.446094e-01
9.992776e-01 -2.796814e-02 2.572925e-02 1.822434e+01 2.846857e-02 9.994085e-01 -1.929366e-02 9.577913e-02 -2.517442e-02 2.001220e-02 9.994827e-01 5.125801e-01
9.994187e-01 -2.750479e-02 2.014382e-02 1.908864e+01 2.794808e-02 9.993658e-01 -2.206547e-02 1.162335e-01 -1.952414e-02 2.261562e-02 9.995536e-01 4.904670e-01
9.995106e-01 -2.675100e-02 1.621459e-02 1.997646e+01 2.709619e-02 9.994025e-01 -2.145692e-02 1.478281e-01 -1.563091e-02 2.188577e-02 9.996383e-01 4.797963e-01
9.995205e-01 -2.683817e-02 1.544609e-02 2.088141e+01 2.713917e-02 9.994391e-01 -1.961927e-02 1.791775e-01 -1.491089e-02 2.002905e-02 9.996882e-01 4.697012e-01
9.994886e-01 -2.743704e-02 1.642196e-02 2.180311e+01 2.773994e-02 9.994438e-01 -1.850979e-02 2.099564e-01 -1.590497e-02 1.895587e-02 9.996938e-01 4.606003e-01
9.994869e-01 -2.768357e-02 1.610884e-02 2.273608e+01 2.796718e-02 9.994529e-01 -1.765508e-02 2.405445e-01 -1.561127e-02 1.809654e-02 9.997144e-01 4.514193e-01
9.995207e-01 -2.769044e-02 1.384485e-02 2.368515e+01 2.789884e-02 9.994968e-01 -1.509324e-02 2.794691e-01 -1.341994e-02 1.547226e-02 9.997902e-01 4.480617e-01
9.995322e-01 -2.779612e-02 1.275996e-02 2.464758e+01 2.795353e-02 9.995332e-01 -1.232776e-02 3.201258e-01 -1.241134e-02 1.267868e-02 9.998426e-01 4.446537e-01
9.995252e-01 -2.801573e-02 1.282781e-02 2.561631e+01 2.815304e-02 9.995469e-01 -1.065181e-02 3.539701e-01 -1.252358e-02 1.100790e-02 9.998610e-01 4.378287e-01
9.995188e-01 -2.824387e-02 1.282526e-02 2.659335e+01 2.837445e-02 9.995462e-01 -1.011607e-02 3.934421e-01 -1.253372e-02 1.047511e-02 9.998666e-01 4.305702e-01
9.995006e-01 -2.872833e-02 1.316337e-02 2.757498e+01 2.885151e-02 9.995408e-01 -9.265522e-03 4.223273e-01 -1.289114e-02 9.640678e-03 9.998704e-01 4.362270e-01
9.994752e-01 -2.942240e-02 1.355139e-02 2.857031e+01 2.953880e-02 9.995277e-01 -8.470531e-03 4.623809e-01 -1.329577e-02 8.866378e-03 9.998723e-01 4.112359e-01
9.994371e-01 -3.001002e-02 1.499667e-02 2.957132e+01 3.013990e-02 9.995095e-01 -8.510948e-03 4.995848e-01 -1.473390e-02 8.958155e-03 9.998513e-01 4.039226e-01
9.993938e-01 -3.081366e-02 1.620538e-02 3.058458e+01 3.094096e-02 9.994918e-01 -7.664240e-03 5.380277e-01 -1.596098e-02 8.161004e-03 9.998393e-01 4.022353e-01
9.994047e-01 -3.093395e-02 1.527625e-02 3.160151e+01 3.104989e-02 9.994904e-01 -7.411583e-03 5.761639e-01 -1.503920e-02 7.881497e-03 9.998558e-01 3.914443e-01
9.993986e-01 -3.160489e-02 1.426645e-02 3.262406e+01 3.169868e-02 9.994770e-01 -6.396900e-03 6.150067e-01 -1.405681e-02 6.845280e-03 9.998778e-01 3.920407e-01
9.993692e-01 -3.226560e-02 1.483842e-02 3.365789e+01 3.236963e-02 9.994527e-01 -6.824837e-03 6.513916e-01 -1.461009e-02 7.300845e-03 9.998666e-01 3.855595e-01
9.993013e-01 -3.320192e-02 1.716203e-02 3.470021e+01 3.333142e-02 9.994176e-01 -7.315153e-03 6.894581e-01 -1.690916e-02 7.882077e-03 9.998260e-01 3.865183e-01
9.992194e-01 -3.397779e-02 2.015244e-02 3.575951e+01 3.412794e-02 9.993919e-01 -7.153952e-03 7.301906e-01 -1.989711e-02 7.836129e-03 9.997713e-01 3.767991e-01
9.991480e-01 -3.480190e-02 2.218423e-02 3.682089e+01 3.497135e-02 9.993617e-01 -7.296363e-03 7.738484e-01 -2.191614e-02 8.065958e-03 9.997273e-01 3.674176e-01
9.991203e-01 -3.557739e-02 2.220105e-02 3.788450e+01 3.574931e-02 9.993334e-01 -7.395502e-03 8.115665e-01 -2.192314e-02 8.182668e-03 9.997262e-01 3.522425e-01
9.991344e-01 -3.617217e-02 2.054464e-02 3.895706e+01 3.634115e-02 9.993081e-01 -7.912188e-03 8.524222e-01 -2.024423e-02 8.651954e-03 9.997576e-01 3.476280e-01
9.991098e-01 -3.704120e-02 2.018918e-02 4.003598e+01 3.718968e-02 9.992835e-01 -7.029086e-03 9.015763e-01 -1.991435e-02 7.773658e-03 9.997715e-01 3.428643e-01
9.990532e-01 -3.814998e-02 2.091251e-02 4.111442e+01 3.831080e-02 9.992389e-01 -7.344181e-03 9.457519e-01 -2.061641e-02 8.138402e-03 9.997543e-01 3.267854e-01
9.989560e-01 -3.940874e-02 2.310364e-02 4.219296e+01 3.958371e-02 9.991906e-01 -7.165111e-03 9.932158e-01 -2.280258e-02 8.072159e-03 9.997074e-01 3.284992e-01
9.988772e-01 -4.017433e-02 2.510662e-02 4.327039e+01 4.036667e-02 9.991590e-01 -7.201338e-03 1.040263e+00 -2.479619e-02 8.206722e-03 9.996588e-01 3.135781e-01
9.988410e-01 -4.105755e-02 2.511670e-02 4.434495e+01 4.122040e-02 9.991321e-01 -6.000509e-03 1.092689e+00 -2.484853e-02 7.028875e-03 9.996665e-01 3.053234e-01
9.989005e-01 -4.178579e-02 2.125507e-02 4.541345e+01 4.189896e-02 9.991098e-01 -4.907432e-03 1.146933e+00 -2.103108e-02 5.792601e-03 9.997620e-01 3.012402e-01
9.989583e-01 -4.205922e-02 1.769880e-02 4.648092e+01 4.213511e-02 9.991042e-01 -3.936887e-03 1.201255e+00 -1.751736e-02 4.678527e-03 9.998356e-01 2.957194e-01
9.989624e-01 -4.227407e-02 1.694069e-02 4.755890e+01 4.233344e-02 9.990985e-01 -3.161518e-03 1.251812e+00 -1.679177e-02 3.875396e-03 9.998515e-01 2.776432e-01
9.989170e-01 -4.225542e-02 1.947364e-02 4.864806e+01 4.232212e-02 9.990994e-01 -3.025539e-03 1.309315e+00 -1.932826e-02 3.846428e-03 9.998058e-01 2.850962e-01
9.988789e-01 -4.238128e-02 2.109063e-02 4.973148e+01 4.243971e-02 9.990963e-01 -2.330767e-03 1.359406e+00 -2.097279e-02 3.223234e-03 9.997749e-01 2.730301e-01
9.988484e-01 -4.255574e-02 2.215567e-02 5.081501e+01 4.265494e-02 9.990818e-01 -4.024030e-03 1.409279e+00 -2.196408e-02 4.964444e-03 9.997464e-01 2.649695e-01
9.988508e-01 -4.257999e-02 2.200246e-02 5.189678e+01 4.265152e-02 9.990861e-01 -2.791901e-03 1.460402e+00 -2.186347e-02 3.727130e-03 9.997540e-01 2.584266e-01
9.989167e-01 -4.223658e-02 1.953231e-02 5.297543e+01 4.234082e-02 9.990909e-01 -4.953865e-03 1.516091e+00 -1.930532e-02 5.775512e-03 9.997970e-01 2.546247e-01
9.989621e-01 -4.217616e-02 1.719881e-02 5.405538e+01 4.225475e-02 9.990979e-01 -4.232020e-03 1.568227e+00 -1.700481e-02 4.954359e-03 9.998431e-01 2.494386e-01
9.989919e-01 -4.221811e-02 1.526111e-02 5.513453e+01 4.229718e-02 9.990931e-01 -4.895704e-03 1.615487e+00 -1.504059e-02 5.536270e-03 9.998716e-01 2.464073e-01
9.990288e-01 -4.214540e-02 1.285049e-02 5.620860e+01 4.222938e-02 9.990879e-01 -6.334938e-03 1.666859e+00 -1.257178e-02 6.871454e-03 9.998974e-01 2.523018e-01
9.990615e-01 -4.207757e-02 1.027546e-02 5.729080e+01 4.214913e-02 9.990878e-01 -6.849866e-03 1.712908e+00 -9.977859e-03 7.276540e-03 9.999237e-01 2.611667e-01
9.990453e-01 -4.203938e-02 1.188077e-02 5.837115e+01 4.213016e-02 9.990840e-01 -7.497126e-03 1.762675e+00 -1.155472e-02 7.990508e-03 9.999013e-01 2.595570e-01
9.989555e-01 -4.212511e-02 1.769994e-02 5.946219e+01 4.226522e-02 9.990774e-01 -7.617525e-03 1.810908e+00 -1.736272e-02 8.357661e-03 9.998143e-01 2.636755e-01
9.988558e-01 -4.197384e-02 2.291934e-02 6.055270e+01 4.217068e-02 9.990770e-01 -8.173638e-03 1.859000e+00 -2.255510e-02 9.130810e-03 9.997039e-01 2.592316e-01
9.988228e-01 -4.181057e-02 2.459391e-02 6.164151e+01 4.205203e-02 9.990714e-01 -9.384056e-03 1.904487e+00 -2.417872e-02 1.040723e-02 9.996535e-01 2.567564e-01
9.989079e-01 -4.159293e-02 2.128445e-02 6.272343e+01 4.187005e-02 9.990418e-01 -1.274393e-02 1.944532e+00 -2.073400e-02 1.362120e-02 9.996922e-01 2.495893e-01
9.989534e-01 -4.183837e-02 1.848400e-02 6.380667e+01 4.209804e-02 9.990169e-01 -1.388975e-02 1.997129e+00 -1.788470e-02 1.465336e-02 9.997327e-01 2.468194e-01
9.990086e-01 -4.183704e-02 1.521222e-02 6.489526e+01 4.202428e-02 9.990421e-01 -1.220416e-02 2.048818e+00 -1.468707e-02 1.283135e-02 9.998098e-01 2.410046e-01
9.990609e-01 -4.180826e-02 1.137814e-02 6.598078e+01 4.194847e-02 9.990431e-01 -1.237642e-02 2.098441e+00 -1.084982e-02 1.284209e-02 9.998587e-01 2.433634e-01
9.990892e-01 -4.137434e-02 1.044146e-02 6.707268e+01 4.147512e-02 9.990932e-01 -9.627422e-03 2.156778e+00 -1.003366e-02 1.005171e-02 9.998991e-01 2.408575e-01
9.990764e-01 -4.081902e-02 1.341848e-02 6.816846e+01 4.089784e-02 9.991473e-01 -5.652952e-03 2.209745e+00 -1.317629e-02 6.196518e-03 9.998940e-01 2.364073e-01
9.990406e-01 -4.095848e-02 1.550190e-02 6.926163e+01 4.102968e-02 9.991487e-01 -4.302721e-03 2.264022e+00 -1.531247e-02 4.934631e-03 9.998706e-01 2.351538e-01
9.990249e-01 -4.112021e-02 1.607567e-02 7.035000e+01 4.121301e-02 9.991353e-01 -5.485116e-03 2.313982e+00 -1.583622e-02 6.142294e-03 9.998557e-01 2.249119e-01
9.990183e-01 -4.108251e-02 1.657083e-02 7.144236e+01 4.120159e-02 9.991270e-01 -6.910081e-03 2.361687e+00 -1.627248e-02 7.586042e-03 9.998388e-01 2.268256e-01
9.989913e-01 -4.149589e-02 1.716130e-02 7.253345e+01 4.163846e-02 9.991004e-01 -8.035285e-03 2.411247e+00 -1.681243e-02 8.741750e-03 9.998204e-01 2.321995e-01
9.989438e-01 -4.191775e-02 1.881899e-02 7.362381e+01 4.209205e-02 9.990735e-01 -8.963540e-03 2.455869e+00 -1.842582e-02 9.746202e-03 9.997827e-01 2.159564e-01
9.988723e-01 -4.272770e-02 2.070099e-02 7.470566e+01 4.293572e-02 9.990306e-01 -9.710652e-03 2.507770e+00 -2.026601e-02 1.058851e-02 9.997386e-01 2.090421e-01
9.988586e-01 -4.341254e-02 1.992133e-02 7.578255e+01 4.363259e-02 9.989898e-01 -1.074746e-02 2.550792e+00 -1.943463e-02 1.160441e-02 9.997438e-01 2.059310e-01
9.988914e-01 -4.413064e-02 1.638459e-02 7.685958e+01 4.430853e-02 9.989610e-01 -1.065768e-02 2.604360e+00 -1.589723e-02 1.137185e-02 9.998090e-01 2.096693e-01
9.988741e-01 -4.514995e-02 1.456280e-02 7.793044e+01 4.528926e-02 9.989299e-01 -9.382377e-03 2.663210e+00 -1.412360e-02 1.003135e-02 9.998499e-01 2.081475e-01
9.988145e-01 -4.607579e-02 1.570556e-02 7.899983e+01 4.620311e-02 9.989013e-01 -7.842832e-03 2.714504e+00 -1.532694e-02 8.559180e-03 9.998459e-01 2.035703e-01
9.987208e-01 -4.674069e-02 1.929103e-02 8.007608e+01 4.687739e-02 9.988782e-01 -6.695247e-03 2.770444e+00 -1.895645e-02 7.590995e-03 9.997915e-01 2.049268e-01
9.986216e-01 -4.739724e-02 2.254990e-02 8.115210e+01 4.752261e-02 9.988574e-01 -5.056211e-03 2.829240e+00 -2.228449e-02 6.120871e-03 9.997329e-01 1.892267e-01
9.985716e-01 -4.802251e-02 2.342094e-02 8.221559e+01 4.813282e-02 9.988322e-01 -4.168677e-03 2.888738e+00 -2.319340e-02 5.290038e-03 9.997170e-01 1.810464e-01
9.985842e-01 -4.870302e-02 2.139181e-02 8.326944e+01 4.881448e-02 9.987967e-01 -4.719256e-03 2.944304e+00 -2.113622e-02 5.756804e-03 9.997600e-01 1.721738e-01
9.985609e-01 -4.951886e-02 2.059361e-02 8.431796e+01 4.962253e-02 9.987577e-01 -4.553423e-03 2.999684e+00 -2.034255e-02 5.568777e-03 9.997776e-01 1.671510e-01
9.985233e-01 -5.030012e-02 2.052254e-02 8.535892e+01 5.041001e-02 9.987167e-01 -4.872273e-03 3.052040e+00 -2.025113e-02 5.899619e-03 9.997775e-01 1.524752e-01
9.984850e-01 -5.098204e-02 2.070234e-02 8.638777e+01 5.111463e-02 9.986752e-01 -5.926425e-03 3.106051e+00 -2.037277e-02 6.975639e-03 9.997681e-01 1.473754e-01
9.984150e-01 -5.175448e-02 2.211197e-02 8.740638e+01 5.191719e-02 9.986279e-01 -6.848547e-03 3.158036e+00 -2.172718e-02 7.985684e-03 9.997320e-01 1.393233e-01
9.983363e-01 -5.238611e-02 2.409143e-02 8.840749e+01 5.255199e-02 9.985983e-01 -6.304020e-03 3.214102e+00 -2.372741e-02 7.559584e-03 9.996899e-01 1.409177e-01
9.982516e-01 -5.344692e-02 2.524313e-02 8.937875e+01 5.363978e-02 9.985356e-01 -7.025575e-03 3.269256e+00 -2.483067e-02 8.367328e-03 9.996567e-01 1.424966e-01
9.981225e-01 -5.578283e-02 2.529158e-02 9.032541e+01 5.598704e-02 9.984038e-01 -7.438966e-03 3.325590e+00 -2.483624e-02 8.841001e-03 9.996524e-01 1.311355e-01
9.979514e-01 -5.888189e-02 2.501912e-02 9.125995e+01 5.909234e-02 9.982224e-01 -7.756652e-03 3.379999e+00 -2.451792e-02 9.219200e-03 9.996569e-01 1.308387e-01
9.977676e-01 -6.235237e-02 2.391498e-02 9.216832e+01 6.254578e-02 9.980145e-01 -7.425840e-03 3.443225e+00 -2.340448e-02 8.905044e-03 9.996864e-01 1.313205e-01
9.975680e-01 -6.538443e-02 2.414538e-02 9.305718e+01 6.559666e-02 9.978133e-01 -8.103988e-03 3.503824e+00 -2.356271e-02 9.668136e-03 9.996756e-01 1.152830e-01
9.973149e-01 -6.872475e-02 2.529448e-02 9.392082e+01 6.891440e-02 9.976001e-01 -6.702851e-03 3.568638e+00 -2.477312e-02 8.428007e-03 9.996576e-01 1.164365e-01
9.970730e-01 -7.189211e-02 2.601803e-02 9.475867e+01 7.206039e-02 9.973846e-01 -5.587649e-03 3.633678e+00 -2.554827e-02 7.446163e-03 9.996459e-01 1.052395e-01
9.968168e-01 -7.495933e-02 2.715532e-02 9.557554e+01 7.512449e-02 9.971611e-01 -5.112617e-03 3.698371e+00 -2.669499e-02 7.136372e-03 9.996182e-01 1.033978e-01
9.965975e-01 -7.755810e-02 2.789590e-02 9.636192e+01 7.768313e-02 9.969722e-01 -3.424926e-03 3.766941e+00 -2.754580e-02 5.580314e-03 9.996050e-01 9.515972e-02
9.963953e-01 -8.001508e-02 2.817691e-02 9.712561e+01 8.007938e-02 9.967878e-01 -1.159050e-03 3.835453e+00 -2.799366e-02 3.411261e-03 9.996023e-01 9.178779e-02
9.961858e-01 -8.299699e-02 2.693358e-02 9.785168e+01 8.301271e-02 9.965483e-01 5.355049e-04 3.901256e+00 -2.688506e-02 1.702367e-03 9.996371e-01 8.774959e-02
9.960620e-01 -8.540207e-02 2.381213e-02 9.854701e+01 8.538140e-02 9.963466e-01 1.885336e-03 3.969248e+00 -2.388615e-02 1.552022e-04 9.997147e-01 7.793469e-02
9.959244e-01 -8.792086e-02 2.011357e-02 9.921153e+01 8.786298e-02 9.961255e-01 3.745124e-03 4.035387e+00 -2.036491e-02 -1.962622e-03 9.997907e-01 7.191077e-02
9.957781e-01 -9.010849e-02 1.750487e-02 9.984936e+01 9.002653e-02 9.959246e-01 5.416737e-03 4.098596e+00 -1.792162e-02 -3.817966e-03 9.998321e-01 6.780415e-02
9.957011e-01 -9.116444e-02 1.638383e-02 1.004554e+02 9.106326e-02 9.958217e-01 6.821046e-03 4.164880e+00 -1.693721e-02 -5.299757e-03 9.998425e-01 7.498325e-02
9.957686e-01 -9.036227e-02 1.671757e-02 1.010410e+02 9.022061e-02 9.958807e-01 9.044201e-03 4.221307e+00 -1.746596e-02 -7.497662e-03 9.998193e-01 7.090965e-02
9.959876e-01 -8.765663e-02 1.803003e-02 1.016023e+02 8.744305e-02 9.960934e-01 1.231279e-02 4.278397e+00 -1.903889e-02 -1.068678e-02 9.997616e-01 7.336033e-02
9.964011e-01 -8.256251e-02 1.919169e-02 1.021316e+02 8.228280e-02 9.964971e-01 1.493501e-02 4.329473e+00 -2.035753e-02 -1.330211e-02 9.997043e-01 6.861654e-02
9.969517e-01 -7.517115e-02 2.089307e-02 1.026497e+02 7.484959e-02 9.970701e-01 1.576996e-02 4.367169e+00 -2.201730e-02 -1.415805e-02 9.996573e-01 6.806908e-02
9.975654e-01 -6.580696e-02 2.308051e-02 1.031458e+02 6.545947e-02 9.977348e-01 1.550185e-02 4.400813e+00 -2.404836e-02 -1.395327e-02 9.996134e-01 6.201008e-02
9.982241e-01 -5.424932e-02 2.461080e-02 1.036155e+02 5.388646e-02 9.984317e-01 1.517544e-02 4.420452e+00 -2.539546e-02 -1.382230e-02 9.995819e-01 5.885259e-02
9.988418e-01 -4.099286e-02 2.519228e-02 1.040606e+02 4.062947e-02 9.990651e-01 1.477117e-02 4.438864e+00 -2.577424e-02 -1.373051e-02 9.995735e-01 5.543173e-02
9.993552e-01 -2.588999e-02 2.487636e-02 1.044906e+02 2.554260e-02 9.995731e-01 1.418220e-02 4.437573e+00 -2.523292e-02 -1.353765e-02 9.995899e-01 4.106620e-02
9.997059e-01 -8.060150e-03 2.287111e-02 1.049089e+02 7.778402e-03 9.998931e-01 1.238132e-02 4.444299e+00 -2.296846e-02 -1.219977e-02 9.996618e-01 5.632995e-02
9.991788e-01 3.728519e-02 1.586198e-02 1.057119e+02 -3.744250e-02 9.992513e-01 9.738870e-03 4.393506e+00 -1.548699e-02 -1.032478e-02 9.998268e-01 2.850741e-02
9.978389e-01 6.420210e-02 1.398700e-02 1.061016e+02 -6.432066e-02 9.978956e-01 8.197836e-03 4.356201e+00 -1.343125e-02 -9.079773e-03 9.998686e-01 3.342027e-02
9.954827e-01 9.402132e-02 1.320030e-02 1.064832e+02 -9.410954e-02 9.955424e-01 6.227801e-03 4.298465e+00 -1.255591e-02 -7.441942e-03 9.998935e-01 2.945826e-02
9.919460e-01 1.260788e-01 1.213507e-02 1.068610e+02 -1.261341e-01 9.920055e-01 3.902196e-03 4.239086e+00 -1.154607e-02 -5.401414e-03 9.999188e-01 3.136720e-02
9.868018e-01 1.615951e-01 1.045411e-02 1.072247e+02 -1.616237e-01 9.868505e-01 1.951589e-03 4.155953e+00 -1.000128e-02 -3.615464e-03 9.999434e-01 2.380808e-02
9.798180e-01 1.996340e-01 1.015165e-02 1.075814e+02 -1.996379e-01 9.798695e-01 -6.335784e-04 4.058407e+00 -1.007378e-02 -1.405863e-03 9.999483e-01 2.858411e-02
9.708360e-01 2.395596e-01 9.415570e-03 1.079335e+02 -2.395449e-01 9.708816e-01 -2.674298e-03 3.952512e+00 -9.782058e-03 3.408528e-04 9.999521e-01 3.252271e-02
9.597055e-01 2.808625e-01 9.035739e-03 1.082702e+02 -2.808511e-01 9.597480e-01 -2.529428e-03 3.832051e+00 -9.382454e-03 -1.101911e-04 9.999560e-01 3.885569e-02
9.457581e-01 3.247292e-01 9.622355e-03 1.086008e+02 -3.247378e-01 9.458038e-01 -7.024778e-04 3.694348e+00 -9.328975e-03 -2.460368e-03 9.999535e-01 4.153384e-02
9.292186e-01 3.693686e-01 1.093664e-02 1.089234e+02 -3.693847e-01 9.292764e-01 -5.803954e-04 3.546374e+00 -1.037754e-02 -3.500512e-03 9.999400e-01 4.072738e-02
9.103804e-01 4.135867e-01 1.238940e-02 1.092346e+02 -4.136036e-01 9.104561e-01 -1.283751e-03 3.385315e+00 -1.181095e-02 -3.955600e-03 9.999224e-01 3.807999e-02
8.886565e-01 4.584271e-01 1.158292e-02 1.095310e+02 -4.584310e-01 8.887266e-01 -2.468598e-03 3.202635e+00 -1.142572e-02 -3.116236e-03 9.999299e-01 4.488558e-02
8.649559e-01 5.017446e-01 1.017955e-02 1.098137e+02 -5.017491e-01 8.650102e-01 -2.292595e-03 3.010189e+00 -9.955711e-03 -3.124586e-03 9.999456e-01 3.720338e-02
8.390593e-01 5.439780e-01 8.213138e-03 1.100850e+02 -5.439898e-01 8.390913e-01 -9.157906e-04 2.802634e+00 -7.389743e-03 -3.699460e-03 9.999659e-01 5.047437e-02
8.100832e-01 5.862796e-01 6.440589e-03 1.103503e+02 -5.863040e-01 8.100864e-01 2.767614e-03 2.588941e+00 -3.594838e-03 -6.018140e-03 9.999754e-01 4.944461e-02
7.779364e-01 6.283092e-01 6.518613e-03 1.106101e+02 -6.283429e-01 7.779007e-01 7.462174e-03 2.363379e+00 -3.822810e-04 -9.901020e-03 9.999509e-01 6.028436e-02
7.425419e-01 6.697485e-01 8.269025e-03 1.108577e+02 -6.697971e-01 7.424486e-01 1.191427e-02 2.115914e+00 1.840241e-03 -1.438542e-02 9.998948e-01 5.626332e-02
7.047531e-01 7.094052e-01 8.208173e-03 1.110940e+02 -7.094473e-01 7.046557e-01 1.203320e-02 1.850085e+00 2.752479e-03 -1.430370e-02 9.998939e-01 4.315824e-02
6.653089e-01 7.465296e-01 7.589232e-03 1.113098e+02 -7.465658e-01 6.652468e-01 9.283550e-03 1.565963e+00 1.881732e-03 -1.184229e-02 9.999281e-01 4.740975e-02
6.229180e-01 7.822195e-01 1.028377e-02 1.115174e+02 -7.822864e-01 6.228821e-01 6.775385e-03 1.265682e+00 -1.105737e-03 -1.226536e-02 9.999242e-01 4.800025e-02
5.781343e-01 8.158464e-01 1.246539e-02 1.117161e+02 -8.159368e-01 5.781160e-01 5.394248e-03 9.535741e-01 -2.805561e-03 -1.328957e-02 9.999078e-01 4.985695e-02
5.317833e-01 8.467724e-01 1.353087e-02 1.118925e+02 -8.468682e-01 5.317938e-01 3.105511e-03 6.252546e-01 -4.565974e-03 -1.311032e-02 9.999036e-01 4.603725e-02
4.823157e-01 8.758780e-01 1.446834e-02 1.120522e+02 -8.759658e-01 4.823729e-01 -5.357652e-04 2.791008e-01 -7.448401e-03 -1.241536e-02 9.998952e-01 5.151520e-02
4.318970e-01 9.017461e-01 1.785787e-02 1.122023e+02 -9.018812e-01 4.319828e-01 -1.069488e-03 -7.440150e-02 -8.678702e-03 -1.564377e-02 9.998400e-01 5.263977e-02
3.819359e-01 9.239624e-01 2.045614e-02 1.123360e+02 -9.241744e-01 3.819601e-01 2.865063e-03 -4.333066e-01 -5.166220e-03 -1.999931e-02 9.997866e-01 5.473805e-02
3.326397e-01 9.428351e-01 2.031933e-02 1.124482e+02 -9.430538e-01 3.325493e-01 7.775862e-03 -8.128109e-01 5.741760e-04 -2.174878e-02 9.997633e-01 4.985877e-02
2.863036e-01 9.579285e-01 2.007987e-02 1.125465e+02 -9.581335e-01 2.861685e-01 9.368513e-03 -1.209621e+00 3.228139e-03 -2.192144e-02 9.997545e-01 4.762982e-02
2.453505e-01 9.693134e-01 1.531870e-02 1.126293e+02 -9.694239e-01 2.452436e-01 8.533673e-03 -1.630444e+00 4.514991e-03 -1.694405e-02 9.998462e-01 4.617776e-02
2.097341e-01 9.777188e-01 8.803360e-03 1.126952e+02 -9.777398e-01 2.096659e-01 8.071484e-03 -2.065560e+00 6.045878e-03 -1.030026e-02 9.999287e-01 4.819253e-02
1.789940e-01 9.838364e-01 5.195241e-03 1.127629e+02 -9.838187e-01 1.789436e-01 8.940169e-03 -2.512230e+00 7.866009e-03 -6.711412e-03 9.999465e-01 5.689891e-02
1.513707e-01 9.884426e-01 8.251337e-03 1.128233e+02 -9.884576e-01 1.513101e-01 7.538825e-03 -2.976148e+00 6.203185e-03 -9.297254e-03 9.999375e-01 6.987844e-02
1.259686e-01 9.919123e-01 1.555598e-02 1.128885e+02 -9.920313e-01 1.259148e-01 4.393340e-03 -3.459671e+00 2.399080e-03 -1.598545e-02 9.998693e-01 7.127244e-02
1.024789e-01 9.945146e-01 2.094495e-02 1.129428e+02 -9.947348e-01 1.024749e-01 1.267951e-03 -3.959747e+00 -8.853356e-04 -2.096461e-02 9.997798e-01 6.998204e-02
7.990960e-02 9.966311e-01 1.846492e-02 1.129738e+02 -9.967979e-01 7.994956e-02 -1.434882e-03 -4.482803e+00 -2.906310e-03 -1.829113e-02 9.998285e-01 7.788213e-02
5.962871e-02 9.981529e-01 1.162814e-02 1.129833e+02 -9.982194e-01 5.964298e-02 -8.838984e-04 -5.020739e+00 -1.575803e-03 -1.155473e-02 9.999320e-01 7.526220e-02
4.212550e-02 9.990916e-01 6.430032e-03 1.129928e+02 -9.991117e-01 4.211744e-02 1.382923e-03 -5.580072e+00 1.110851e-03 -6.482577e-03 9.999784e-01 8.976884e-02
2.779932e-02 9.996025e-01 4.684240e-03 1.130100e+02 -9.995932e-01 2.776855e-02 6.510168e-03 -6.153831e+00 6.377506e-03 -4.863313e-03 9.999678e-01 9.031196e-02
1.673498e-02 9.998286e-01 7.916379e-03 1.130269e+02 -9.998056e-01 1.665099e-02 1.055964e-02 -6.754488e+00 1.042601e-02 -8.091555e-03 9.999129e-01 9.280478e-02
9.815115e-03 9.999301e-01 6.596844e-03 1.130314e+02 -9.998882e-01 9.739871e-03 1.134303e-02 -7.378938e+00 1.127799e-02 -6.707440e-03 9.999139e-01 1.012461e-01
7.230572e-03 9.999711e-01 2.335541e-03 1.130229e+02 -9.999453e-01 7.212694e-03 7.574776e-03 -8.027109e+00 7.557712e-03 -2.390184e-03 9.999686e-01 1.045644e-01
7.339180e-03 9.999729e-01 5.578110e-04 1.130277e+02 -9.999489e-01 7.335120e-03 6.962004e-03 -8.696419e+00 6.957724e-03 -6.088779e-04 9.999756e-01 1.115668e-01
9.554228e-03 9.999542e-01 6.379654e-04 1.130378e+02 -9.999352e-01 9.550095e-03 6.194719e-03 -9.374764e+00 6.188343e-03 -6.971099e-04 9.999806e-01 1.255962e-01
1.126877e-02 9.999244e-01 4.916398e-03 1.130569e+02 -9.999148e-01 1.123603e-02 6.637303e-03 -1.006736e+01 6.581560e-03 -4.990774e-03 9.999659e-01 1.337962e-01
1.250050e-02 9.999092e-01 5.038066e-03 1.130718e+02 -9.998899e-01 1.245967e-02 8.054278e-03 -1.077605e+01 7.990774e-03 -5.138194e-03 9.999549e-01 1.408289e-01
1.349655e-02 9.998931e-01 5.627631e-03 1.130833e+02 -9.998701e-01 1.344622e-02 8.885943e-03 -1.150439e+01 8.809322e-03 -5.746829e-03 9.999447e-01 1.499139e-01
1.446554e-02 9.998780e-01 5.893965e-03 1.130976e+02 -9.998632e-01 1.441757e-02 8.101586e-03 -1.224683e+01 8.015620e-03 -6.010353e-03 9.999498e-01 1.657819e-01
1.531036e-02 9.998558e-01 7.346357e-03 1.131155e+02 -9.998584e-01 1.525829e-02 7.091861e-03 -1.300626e+01 6.978745e-03 -7.453896e-03 9.999479e-01 1.696379e-01
1.586825e-02 9.998508e-01 6.819522e-03 1.131300e+02 -9.998560e-01 1.582651e-02 6.131122e-03 -1.377852e+01 6.022278e-03 -6.915829e-03 9.999580e-01 1.800686e-01
1.549437e-02 9.998590e-01 6.476851e-03 1.131456e+02 -9.998723e-01 1.546861e-02 4.007720e-03 -1.455482e+01 3.906967e-03 -6.538121e-03 9.999710e-01 1.911962e-01
1.431795e-02 9.998625e-01 8.369832e-03 1.131654e+02 -9.998942e-01 1.429597e-02 2.679509e-03 -1.533930e+01 2.559485e-03 -8.407312e-03 9.999614e-01 2.061922e-01
1.303446e-02 9.998704e-01 9.450645e-03 1.131813e+02 -9.999133e-01 1.301603e-02 2.009350e-03 -1.613346e+01 1.886080e-03 -9.476016e-03 9.999533e-01 2.145448e-01
1.192356e-02 9.998977e-01 7.896914e-03 1.131908e+02 -9.999288e-01 1.192608e-02 -2.717244e-04 -1.693278e+01 -3.658759e-04 -7.893112e-03 9.999688e-01 2.180267e-01
1.105312e-02 9.999183e-01 6.416911e-03 1.131985e+02 -9.999377e-01 1.106275e-02 -1.467629e-03 -1.774588e+01 -1.538498e-03 -6.400290e-03 9.999783e-01 2.309653e-01
9.430994e-03 9.999052e-01 1.003146e-02 1.132156e+02 -9.999498e-01 9.464316e-03 -3.279477e-03 -1.856447e+01 -3.374107e-03 -1.000003e-02 9.999443e-01 2.462083e-01
8.854674e-03 9.998869e-01 1.215750e-02 1.132312e+02 -9.999603e-01 8.842012e-03 1.094868e-03 -1.938925e+01 9.872477e-04 -1.216671e-02 9.999255e-01 2.562736e-01
8.310937e-03 9.999047e-01 1.102316e-02 1.132415e+02 -9.999502e-01 8.249342e-03 5.621441e-03 -2.021696e+01 5.529972e-03 -1.106933e-02 9.999234e-01 2.597147e-01
7.271297e-03 9.999184e-01 1.050654e-02 1.132523e+02 -9.999446e-01 7.190676e-03 7.690858e-03 -2.105084e+01 7.614682e-03 -1.056188e-02 9.999152e-01 2.824128e-01
6.401017e-03 9.998836e-01 1.384968e-02 1.132682e+02 -9.999652e-01 6.326172e-03 5.441199e-03 -2.189587e+01 5.352951e-03 -1.388402e-02 9.998893e-01 2.990770e-01
5.337839e-03 9.998348e-01 1.737218e-02 1.132820e+02 -9.999839e-01 5.303375e-03 2.029346e-03 -2.274617e+01 1.936880e-03 -1.738273e-02 9.998470e-01 3.102559e-01
5.062307e-03 9.998028e-01 1.920338e-02 1.132922e+02 -9.999821e-01 5.122589e-03 -3.091271e-03 -2.359538e+01 -3.189032e-03 -1.918739e-02 9.998108e-01 3.287573e-01
5.034082e-03 9.997422e-01 2.213843e-02 1.133058e+02 -9.999526e-01 5.217238e-03 -8.223264e-03 -2.444806e+01 -8.336646e-03 -2.209598e-02 9.997211e-01 3.405649e-01
5.352726e-03 9.996806e-01 2.469760e-02 1.133223e+02 -9.999445e-01 5.575079e-03 -8.942978e-03 -2.529119e+01 -9.077813e-03 -2.464836e-02 9.996550e-01 3.451045e-01
6.155775e-03 9.997423e-01 2.185225e-02 1.133298e+02 -9.999735e-01 6.239198e-03 -3.751467e-03 -2.612291e+01 -3.886841e-03 -2.182858e-02 9.997542e-01 3.516700e-01
7.478281e-03 9.997931e-01 1.891555e-02 1.133375e+02 -9.999494e-01 7.349465e-03 6.870407e-03 -2.694856e+01 6.729966e-03 -1.896597e-02 9.997975e-01 3.688225e-01
8.166921e-03 9.998103e-01 1.768233e-02 1.133471e+02 -9.998922e-01 7.949245e-03 1.234581e-02 -2.777529e+01 1.220290e-02 -1.778125e-02 9.997674e-01 3.903964e-01
9.459333e-03 9.998188e-01 1.651860e-02 1.133571e+02 -9.999281e-01 9.336064e-03 7.523667e-03 -2.861289e+01 7.368085e-03 -1.658858e-02 9.998353e-01 4.016863e-01
1.071644e-02 9.998452e-01 1.395535e-02 1.133666e+02 -9.999422e-01 1.072722e-02 -6.975576e-04 -2.945037e+01 -8.471516e-04 -1.394706e-02 9.999024e-01 4.246215e-01
1.123816e-02 9.998597e-01 1.242430e-02 1.133777e+02 -9.999310e-01 1.127983e-02 -3.288807e-03 -3.027569e+01 -3.428489e-03 -1.238648e-02 9.999174e-01 4.408507e-01
1.128361e-02 9.998440e-01 1.358942e-02 1.133917e+02 -9.999321e-01 1.132186e-02 -2.741555e-03 -3.109422e+01 -2.894985e-03 -1.355757e-02 9.999039e-01 4.627650e-01
1.059501e-02 9.998056e-01 1.662911e-02 1.134137e+02 -9.999423e-01 1.062310e-02 -1.601841e-03 -3.190970e+01 -1.778182e-03 -1.661117e-02 9.998604e-01 4.757101e-01
8.927568e-03 9.997876e-01 1.857637e-02 1.134277e+02 -9.999584e-01 8.960525e-03 -1.691654e-03 -3.272125e+01 -1.857749e-03 -1.856050e-02 9.998260e-01 4.917101e-01
6.819025e-03 9.997949e-01 1.907013e-02 1.134366e+02 -9.999752e-01 6.851370e-03 -1.631258e-03 -3.353043e+01 -1.761580e-03 -1.905853e-02 9.998168e-01 4.982127e-01
4.886604e-03 9.997967e-01 1.956397e-02 1.134463e+02 -9.999876e-01 4.904804e-03 -8.824033e-04 -3.433643e+01 -9.781813e-04 -1.955942e-02 9.998082e-01 5.228123e-01
2.844879e-03 9.997643e-01 2.152489e-02 1.134554e+02 -9.999957e-01 2.859240e-03 -6.364204e-04 -3.513638e+01 -6.978152e-04 -2.152299e-02 9.997681e-01 5.385435e-01
7.064771e-04 9.997315e-01 2.316168e-02 1.134654e+02 -9.999987e-01 7.395031e-04 -1.417357e-03 -3.593496e+01 -1.434105e-03 -2.316065e-02 9.997307e-01 5.539786e-01
-1.384114e-03 9.997347e-01 2.298946e-02 1.134674e+02 -9.999946e-01 -1.315134e-03 -3.015341e-03 -3.672951e+01 -2.984307e-03 -2.299351e-02 9.997312e-01 5.703090e-01
-3.165023e-03 9.997265e-01 2.317025e-02 1.134690e+02 -9.999906e-01 -3.095670e-03 -3.028463e-03 -3.751410e+01 -2.955907e-03 -2.317961e-02 9.997269e-01 5.894002e-01
-4.909375e-03 9.997222e-01 2.305204e-02 1.134681e+02 -9.999866e-01 -4.869778e-03 -1.773540e-03 -3.829643e+01 -1.660789e-03 -2.306044e-02 9.997327e-01 6.119540e-01
-5.793911e-03 9.997323e-01 2.240116e-02 1.134645e+02 -9.999825e-01 -5.766392e-03 -1.292874e-03 -3.907360e+01 -1.163354e-03 -2.240826e-02 9.997482e-01 6.190535e-01
-7.189188e-03 9.997548e-01 2.094340e-02 1.134574e+02 -9.999717e-01 -7.141311e-03 -2.359876e-03 -3.984757e+01 -2.209734e-03 -2.095977e-02 9.997779e-01 6.325442e-01
-8.502950e-03 9.997448e-01 2.093071e-02 1.134540e+02 -9.999589e-01 -8.435448e-03 -3.311196e-03 -4.061521e+01 -3.133791e-03 -2.095800e-02 9.997754e-01 6.510344e-01
-9.821650e-03 9.997007e-01 2.240560e-02 1.134505e+02 -9.999456e-01 -9.740119e-03 -3.745108e-03 -4.138237e+01 -3.525754e-03 -2.244117e-02 9.997419e-01 6.659197e-01
-1.120185e-02 9.996390e-01 2.442224e-02 1.134479e+02 -9.999287e-01 -1.109728e-02 -4.413417e-03 -4.213555e+01 -4.140803e-03 -2.446994e-02 9.996920e-01 6.770693e-01
-1.234141e-02 9.996125e-01 2.495091e-02 1.134464e+02 -9.999107e-01 -1.220964e-02 -5.426497e-03 -4.286737e+01 -5.119753e-03 -2.501565e-02 9.996739e-01 6.817106e-01
-1.300980e-02 9.996171e-01 2.442332e-02 1.134402e+02 -9.999005e-01 -1.287260e-02 -5.766568e-03 -4.358279e+01 -5.449969e-03 -2.449591e-02 9.996851e-01 6.887650e-01
-1.322679e-02 9.996247e-01 2.398820e-02 1.134368e+02 -9.999058e-01 -1.313525e-02 -3.969594e-03 -4.428760e+01 -3.653014e-03 -2.403844e-02 9.997044e-01 7.012738e-01
-1.321107e-02 9.996169e-01 2.432312e-02 1.134283e+02 -9.999122e-01 -1.318329e-02 -1.302055e-03 -4.498734e+01 -9.808973e-04 -2.433818e-02 9.997033e-01 7.130716e-01
-1.311867e-02 9.995783e-01 2.590783e-02 1.134235e+02 -9.999138e-01 -1.312780e-02 1.824894e-04 -4.568085e+01 5.225254e-04 -2.590320e-02 9.996643e-01 7.278798e-01
-1.335170e-02 9.995905e-01 2.530872e-02 1.134203e+02 -9.999103e-01 -1.337340e-02 6.880879e-04 -4.637327e+01 1.026270e-03 -2.529727e-02 9.996794e-01 7.342959e-01
-1.338246e-02 9.995955e-01 2.509457e-02 1.134117e+02 -9.999096e-01 -1.341090e-02 9.652959e-04 -4.706156e+01 1.301446e-03 -2.507938e-02 9.996846e-01 7.436708e-01
-1.378863e-02 9.996179e-01 2.395577e-02 1.134039e+02 -9.999048e-01 -1.379772e-02 2.143435e-04 -4.775263e+01 5.447966e-04 -2.395053e-02 9.997130e-01 7.607625e-01
-1.407565e-02 9.995177e-01 2.768200e-02 1.134024e+02 -9.999001e-01 -1.410678e-02 9.293759e-04 -4.843859e+01 1.319432e-03 -2.766616e-02 9.996163e-01 7.731372e-01
-1.381378e-02 9.994648e-01 2.965380e-02 1.134011e+02 -9.999041e-01 -1.383783e-02 6.059736e-04 -4.911953e+01 1.015993e-03 -2.964259e-02 9.995600e-01 7.848422e-01
-1.373231e-02 9.995031e-01 2.837174e-02 1.133935e+02 -9.999056e-01 -1.371591e-02 -7.724656e-04 -4.979780e+01 -3.829374e-04 -2.837967e-02 9.995971e-01 7.940252e-01
-1.492757e-02 9.994923e-01 2.814737e-02 1.133876e+02 -9.998881e-01 -1.489337e-02 -1.424305e-03 -5.047049e+01 -1.004373e-03 -2.816548e-02 9.996028e-01 8.033511e-01
-1.842405e-02 9.993517e-01 3.093119e-02 1.133830e+02 -9.998291e-01 -1.836724e-02 -2.120058e-03 -5.113977e+01 -1.550563e-03 -3.096496e-02 9.995193e-01 8.153075e-01
-2.363644e-02 9.991310e-01 3.433030e-02 1.133789e+02 -9.997194e-01 -2.356832e-02 -2.387527e-03 -5.180564e+01 -1.576345e-03 -3.437710e-02 9.994077e-01 8.255662e-01
-2.976533e-02 9.990518e-01 3.177287e-02 1.133564e+02 -9.995555e-01 -2.980447e-02 7.587422e-04 -5.246439e+01 1.704996e-03 -3.173616e-02 9.994948e-01 8.322705e-01
-3.626264e-02 9.988976e-01 2.980814e-02 1.133305e+02 -9.993305e-01 -3.639072e-02 3.765169e-03 -5.312584e+01 4.845758e-03 -2.965165e-02 9.995485e-01 8.479235e-01
-4.376861e-02 9.985546e-01 3.119360e-02 1.133062e+02 -9.990241e-01 -4.393160e-02 4.558631e-03 -5.379074e+01 5.922426e-03 -3.096364e-02 9.995030e-01 8.640274e-01
-5.019812e-02 9.981411e-01 3.456078e-02 1.132813e+02 -9.987242e-01 -5.035758e-02 3.758325e-03 -5.446704e+01 5.491736e-03 -3.432803e-02 9.993955e-01 8.822317e-01
-5.551415e-02 9.978163e-01 3.578794e-02 1.132478e+02 -9.984511e-01 -5.561018e-02 1.692720e-03 -5.514398e+01 3.679197e-03 -3.563854e-02 9.993580e-01 8.933856e-01
-6.003900e-02 9.974778e-01 3.785990e-02 1.132132e+02 -9.981864e-01 -6.016161e-02 2.106428e-03 -5.582582e+01 4.378828e-03 -3.766477e-02 9.992808e-01 9.060690e-01
-6.398113e-02 9.971655e-01 3.958985e-02 1.131745e+02 -9.979427e-01 -6.409310e-02 1.564228e-03 -5.651724e+01 4.097231e-03 -3.940833e-02 9.992148e-01 9.152873e-01
-6.661087e-02 9.969884e-01 3.971303e-02 1.131313e+02 -9.977775e-01 -6.662671e-02 -9.260800e-04 -5.721899e+01 1.722658e-03 -3.968646e-02 9.992107e-01 9.242230e-01
-6.838680e-02 9.969312e-01 3.809706e-02 1.130842e+02 -9.976576e-01 -6.827664e-02 -4.186513e-03 -5.793237e+01 -1.572526e-03 -3.829412e-02 9.992653e-01 9.321097e-01
-7.033474e-02 9.967648e-01 3.889756e-02 1.130380e+02 -9.975113e-01 -7.008761e-02 -7.682406e-03 -5.865424e+01 -4.931314e-03 -3.934110e-02 9.992137e-01 9.429323e-01
-7.158548e-02 9.966704e-01 3.903469e-02 1.129944e+02 -9.974239e-01 -7.134963e-02 -7.403809e-03 -5.937796e+01 -4.594047e-03 -3.946414e-02 9.992104e-01 9.445928e-01
-7.222148e-02 9.966483e-01 3.842164e-02 1.129427e+02 -9.973871e-01 -7.210018e-02 -4.535051e-03 -6.010232e+01 -1.749644e-03 -3.864878e-02 9.992513e-01 9.462810e-01
-7.223915e-02 9.968364e-01 3.314666e-02 1.128846e+02 -9.973866e-01 -7.224060e-02 -1.155518e-03 -6.083192e+01 1.242672e-03 -3.314351e-02 9.994498e-01 9.411461e-01
-7.283698e-02 9.969745e-01 2.713913e-02 1.128218e+02 -9.973346e-01 -7.292645e-02 2.320472e-03 -6.156922e+01 4.292613e-03 -2.689778e-02 9.996290e-01 9.577224e-01
-7.358714e-02 9.969335e-01 2.661802e-02 1.127693e+02 -9.972715e-01 -7.371698e-02 3.928635e-03 -6.231012e+01 5.878788e-03 -2.625629e-02 9.996380e-01 9.687332e-01
-7.424914e-02 9.968299e-01 2.858830e-02 1.127210e+02 -9.972328e-01 -7.432493e-02 1.596025e-03 -6.306020e+01 3.715788e-03 -2.839069e-02 9.995900e-01 9.795808e-01
-7.414843e-02 9.968331e-01 2.873698e-02 1.126695e+02 -9.972460e-01 -7.407168e-02 -3.727598e-03 -6.381235e+01 -1.587197e-03 -2.893423e-02 9.995801e-01 9.815735e-01
-7.421716e-02 9.969104e-01 2.572047e-02 1.126124e+02 -9.972369e-01 -7.410916e-02 -5.128421e-03 -6.455395e+01 -3.206454e-03 -2.603002e-02 9.996560e-01 9.954083e-01
-7.541806e-02 9.968177e-01 2.581964e-02 1.125589e+02 -9.971448e-01 -7.529373e-02 -5.755480e-03 -6.529241e+01 -3.793108e-03 -2.617998e-02 9.996500e-01 1.011533e+00
-7.717080e-02 9.966324e-01 2.772129e-02 1.125096e+02 -9.970134e-01 -7.705733e-02 -5.140061e-03 -6.602757e+01 -2.986623e-03 -2.803516e-02 9.996025e-01 1.023739e+00
-7.932855e-02 9.964389e-01 2.857484e-02 1.124529e+02 -9.968466e-01 -7.923936e-02 -4.241909e-03 -6.676512e+01 -1.962550e-03 -2.882124e-02 9.995827e-01 1.021259e+00
-8.131572e-02 9.963136e-01 2.733181e-02 1.123942e+02 -9.966866e-01 -8.123293e-02 -4.127616e-03 -6.750514e+01 -1.892156e-03 -2.757689e-02 9.996179e-01 1.035459e+00
-8.334236e-02 9.961776e-01 2.615664e-02 1.123365e+02 -9.965194e-01 -8.326674e-02 -3.968844e-03 -6.824842e+01 -1.775695e-03 -2.639637e-02 9.996500e-01 1.053108e+00
-8.533123e-02 9.959793e-01 2.727380e-02 1.122761e+02 -9.963506e-01 -8.524323e-02 -4.375363e-03 -6.899227e+01 -2.032864e-03 -2.754762e-02 9.996184e-01 1.063717e+00
-8.704082e-02 9.957619e-01 2.969949e-02 1.122162e+02 -9.962039e-01 -8.696296e-02 -3.905696e-03 -6.974374e+01 -1.306388e-03 -2.992670e-02 9.995512e-01 1.074011e+00
-8.811247e-02 9.956633e-01 2.984453e-02 1.121548e+02 -9.961105e-01 -8.807092e-02 -2.706509e-03 -7.049838e+01 -6.633675e-05 -2.996693e-02 9.995509e-01 1.084436e+00
-8.864268e-02 9.955928e-01 3.061652e-02 1.120928e+02 -9.960634e-01 -8.861429e-02 -2.285284e-03 -7.126178e+01 4.378488e-04 -3.069857e-02 9.995286e-01 1.094872e+00
-8.991874e-02 9.954657e-01 3.102569e-02 1.120313e+02 -9.959488e-01 -8.989858e-02 -2.046868e-03 -7.202469e+01 7.515783e-04 -3.108405e-02 9.995165e-01 1.111817e+00
-9.099033e-02 9.954033e-01 2.988329e-02 1.119675e+02 -9.958515e-01 -9.092689e-02 -3.477605e-03 -7.279438e+01 -7.444250e-04 -3.007575e-02 9.995473e-01 1.115271e+00
-9.195361e-02 9.952590e-01 3.168711e-02 1.118999e+02 -9.957605e-01 -9.183135e-02 -5.295180e-03 -7.357189e+01 -2.360205e-03 -3.203969e-02 9.994838e-01 1.135708e+00
-9.348792e-02 9.950038e-01 3.503415e-02 1.118364e+02 -9.956113e-01 -9.327863e-02 -7.564931e-03 -7.435412e+01 -4.259198e-03 -3.558762e-02 9.993575e-01 1.145671e+00
-9.536340e-02 9.948584e-01 3.409546e-02 1.117638e+02 -9.954326e-01 -9.515339e-02 -7.733783e-03 -7.514157e+01 -4.449721e-03 -3.467725e-02 9.993887e-01 1.155137e+00
-9.701617e-02 9.947449e-01 3.271779e-02 1.116903e+02 -9.952754e-01 -9.683639e-02 -7.039113e-03 -7.593197e+01 -3.833849e-03 -3.324612e-02 9.994398e-01 1.161069e+00
-9.896997e-02 9.945285e-01 3.343806e-02 1.116144e+02 -9.950869e-01 -9.882466e-02 -5.974842e-03 -7.672999e+01 -2.637646e-03 -3.386510e-02 9.994229e-01 1.167523e+00
-1.002734e-01 9.944049e-01 3.322752e-02 1.115351e+02 -9.949597e-01 -1.002390e-01 -2.701892e-03 -7.753032e+01 6.439193e-04 -3.333098e-02 9.994442e-01 1.176710e+00
-1.002398e-01 9.944637e-01 3.152714e-02 1.114557e+02 -9.949543e-01 -1.003230e-01 1.066127e-03 -7.833576e+01 4.223122e-03 -3.126120e-02 9.995023e-01 1.185120e+00
-1.010755e-01 9.943899e-01 3.118574e-02 1.113700e+02 -9.948513e-01 -1.012558e-01 4.252925e-03 -7.914946e+01 7.386803e-03 -3.059531e-02 9.995046e-01 1.199154e+00
-1.005990e-01 9.944820e-01 2.975470e-02 1.112847e+02 -9.948957e-01 -1.007884e-01 4.933309e-03 -7.996991e+01 7.905016e-03 -2.910653e-02 9.995451e-01 1.211800e+00
-1.000433e-01 9.946325e-01 2.641032e-02 1.112009e+02 -9.949595e-01 -1.001886e-01 4.232520e-03 -8.079853e+01 6.855816e-03 -2.585376e-02 9.996422e-01 1.229307e+00
